leaflet-velocity/demo/wind-gbr.json
{"header": { "discipline": 0, "disciplineName": "Meteorological products", "gribEdition": 2, "gribLength": 133963, "center": 7, "centerName": "US National Weather Service - NCEP(WMC)", "subcenter": 0, "refTime": "2014-11-30T06:00:00.000Z", "significanceOfRT": 1, "significanceOfRTName": "Start of forecast", "productStatus": 0, "productStatusName": "Operational products", "productType": 1, "productTypeName": "Forecast products", "productDefinitionTemplate": 0, "productDefinitionTemplateName": "Analysis/forecast at horizontal level/layer at a point in time", "parameterCategory": 2, "parameterCategoryName": "Momentum", "parameterNumber": 2, "parameterNumberName": "U-component_of_wind", "parameterUnit": "m.s-1", "genProcessType": 2, "genProcessTypeName": "Forecast", "forecastTime": 6, "surface1Type": 100, "surface1TypeName": "Isobaric surface", "surface1Value": 85000, "surface2Type": 255, "surface2TypeName": "Missing", "surface2Value": 0, "gridDefinitionTemplate": 0, "gridDefinitionTemplateName": "Latitude_Longitude", "numberPoints": 14400, "shape": 6, "shapeName": "Earth spherical with radius of 6,371,229.0 m", "gridUnits": "degrees", "resolution": 48, "winds": "true", "scanMode": 0, "nx": 120, "ny": 120, "basicAngle": 0, "subDivisions": 0, "lo1": -0.08300781, "la1": 42.6, "lo2": 4.113086, "la2": 40, "dx": 0.0349674484, "dy": 0.02166667 }, "data":
[rows 0 to 26 of 120, columns 0 to 60 of 120]
-1.073899,-1.094183,-1.106795,-1.113268,-1.113313,-1.106765,-1.093326,-1.071137,-1.038034,-0.9947288,-0.9417259,-0.8802195,-0.8106211,-0.7339281,-0.6508944,-0.5622287,-0.4687381,-0.371195,-0.2702521,-0.1668866,-0.06183936,0.04429327,0.1505794,0.2563412,0.3605619,0.4628841,0.5623684,0.6581457,0.7495109,0.8357664,0.9159346,0.9894947,1.055469,1.113222,1.161951,1.200701,1.229246,1.248145,1.258278,1.260549,1.255759,1.244727,1.228355,1.207439,1.18286,1.155408,1.126004,1.095414,1.064551,1.034197,1.00525,0.9785062,0.9548544,0.9350927,0.9201041,0.9107166,0.9077709,0.9121003,0.9245776,0.9460405,0.9773235
-0.8625654,-0.8762521,-0.8829847,-0.8842866,-0.8801776,-0.8702844,-0.854413,-0.8308637,-0.7971932,-0.753861,-0.7019308,-0.6417816,-0.5742929,-0.5002724,-0.4203057,-0.3354456,-0.2459198,-0.1529655,-0.05710819,0.04101361,0.1404342,0.2405458,0.340696,0.4400383,0.5379223,0.6333781,0.7260433,0.8149984,0.8994679,0.978786,1.052217,1.118894,1.178385,1.229602,1.272121,1.304845,1.327253,1.339965,1.34384,1.339764,1.328507,1.310918,1.287874,1.260196,1.228712,1.194292,1.157768,1.11996,1.081741,1.043939,1.007389,0.9729426,0.941433,0.9137117,0.8906144,0.8729969,0.8616829,0.8575163,0.8613557,0.874038,0.8964071
-0.6442485,-0.651255,-0.6520843,-0.6483446,-0.6399416,-0.6265988,-0.6083592,-0.5834912,-0.5493086,-0.5063262,-0.455076,-0.3965231,-0.3312312,-0.2599084,-0.183227,-0.1019937,-0.01690753,0.07136194,0.1620834,0.2546571,0.3483812,0.4424278,0.5362117,0.628913,0.7199807,0.808664,0.894366,0.9761482,1.053559,1.125825,1.192191,1.251986,1.304541,1.349197,1.385124,1.411654,1.427784,1.434141,1.431572,1.420929,1.40302,1.378682,1.348774,1.314129,1.275636,1.23399,1.190184,1.144942,1.099198,1.053695,1.009361,0.966958,0.9273975,0.8914558,0.860016,0.8338851,0.813949,0.8010192,0.7959266,0.7995286,0.8126752
-0.4198664,-0.4200357,-0.4149568,-0.4061374,-0.3933602,-0.3767843,-0.3563067,-0.3301219,-0.2953406,-0.2525056,-0.2022495,-0.1453169,-0.08213897,-0.01368867,0.05950803,0.1368692,0.2174611,0.3009637,0.3865765,0.4734632,0.561119,0.6489969,0.7362069,0.822273,0.9064633,0.9881473,1.066474,1.141153,1.211212,1.27623,1.335341,1.388036,1.433622,1.471403,1.500771,1.52084,1.530485,1.530312,1.52114,1.503749,1.479069,1.447818,1.410917,1.369164,1.32343,1.274481,1.223188,1.170364,1.116879,1.063544,1.011196,0.9606785,0.9128208,0.8684667,0.8284426,0.7936143,0.7647721,0.742803,0.7285199,0.7227704,0.7263954
-0.1899928,-0.1835214,-0.1725491,-0.1586244,-0.1416711,-0.121778,-0.09884387,-0.07135093,-0.03621183,0.006242063,0.05563407,0.1109827,0.1717298,0.2373147,0.3069972,0.3802568,0.4565694,0.535027,0.6151831,0.6964791,0.7781533,0.8595276,0.9401106,1.01931,1.096446,1.170884,1.242041,1.309236,1.371926,1.429539,1.481315,1.526749,1.565125,1.595962,1.618478,1.631938,1.635045,1.6282,1.61228,1.588036,1.556412,1.518187,1.474118,1.425122,1.371982,1.315554,1.256674,1.196103,1.134769,1.073395,1.012926,0.9541382,0.8978094,0.8448749,0.7960814,0.7523267,0.7144036,0.6831908,0.6595047,0.6441543,0.6380003
0.04416572,0.05731855,0.07415441,0.09318647,0.1143671,0.1376447,0.1629284,0.1916122,0.227239,0.269342,0.3176285,0.3711891,0.4295509,0.492173,0.5584479,0.6276736,0.6992338,0.7727406,0.84745,0.922919,0.9982979,1.073266,1.147205,1.21935,1.289362,1.356541,1.420175,1.479955,1.535188,1.585116,1.629479,1.667514,1.698626,1.722332,1.737963,1.744776,1.741106,1.727474,1.704665,1.673545,1.634864,1.589459,1.538153,1.481804,1.421198,1.357168,1.290596,1.222188,1.152836,1.083356,1.014578,0.9473339,0.882441,0.8207426,0.7630507,0.7102089,0.6630762,0.6224601,0.5891316,0.5639994,0.5479072
0.2819059,0.3017595,0.3244585,0.3483838,0.3738564,0.4003946,0.4277851,0.4576809,0.4937041,0.5356859,0.5827072,0.634631,0.6905855,0.750128,0.8127387,0.8778605,0.944903,1.01328,1.082549,1.15199,1.221161,1.289584,1.356647,1.421838,1.484585,1.544314,1.600552,1.652675,1.700223,1.742654,1.779411,1.809958,1.833705,1.850136,1.858806,1.858784,1.848333,1.827869,1.798099,1.759919,1.714109,1.661478,1.602868,1.539093,1.470912,1.399225,1.324833,1.248453,1.171044,1.09331,1.016186,0.9404386,0.8668222,0.7962874,0.7295894,0.6675107,0.6109966,0.5607432,0.5176844,0.4826155,0.4563532
0.5223442,0.5487548,0.577202,0.6062438,0.6356891,0.6654427,0.6953132,0.7263511,0.7626928,0.8041294,0.850153,0.9001243,0.9535919,1.010122,1.069138,1.129994,1.192407,1.255604,1.319257,1.382852,1.445797,1.5076,1.567825,1.625868,1.681295,1.73361,1.782297,1.826805,1.866743,1.90146,1.930521,1.953545,1.969848,1.979003,1.980547,1.973691,1.956413,1.928973,1.892206,1.846916,1.793911,1.734064,1.668065,1.596774,1.520973,1.441538,1.359313,1.274964,1.189384,1.103381,1.017776,0.9333858,0.8510252,0.7715768,0.6957396,0.6243852,0.5583365,0.4984489,0.4454987,0.4003468,0.3638254
0.7646597,0.7974232,0.8315873,0.8655397,0.8990399,0.9319956,0.9640121,0.9962599,1.032977,1.07391,1.118747,1.166926,1.217921,1.271326,1.326693,1.383391,1.440947,1.4991,1.557232,1.614768,1.671409,1.726588,1.779872,1.830822,1.878971,1.923862,1.964904,2.00178,2.033927,2.060934,2.082428,2.097821,2.106632,2.108514,2.102908,2.08913,2.064931,2.030513,1.986719,1.934341,1.874097,1.806915,1.733534,1.654659,1.571289,1.484111,1.393952,1.301527,1.207809,1.113514,1.019379,0.9263735,0.8352291,0.7466872,0.6616987,0.5810086,0.5053779,0.4357689,0.3728497,0.3175654,0.2706811
1.007888,1.047061,1.086782,1.125419,1.163072,1.19907,1.233359,1.266597,1.30349,1.344067,1.387732,1.434055,1.482555,1.532819,1.584407,1.636905,1.689846,1.742812,1.795242,1.846793,1.897214,1.945758,1.992238,2.036053,2.07688,2.11423,2.147757,2.176957,2.201415,2.220746,2.234525,2.242324,2.24365,2.23819,2.225423,2.204751,2.173544,2.132185,2.081358,2.02181,1.954371,1.879844,1.799064,1.712716,1.621652,1.526703,1.428587,1.328242,1.22629,1.123617,1.021021,0.9193113,0.8193765,0.721849,0.6276259,0.537524,0.452329,0.3729796,0.3000717,0.2345544,0.1772549
1.251095,1.29655,1.341697,1.385199,1.426618,1.465793,1.502008,1.536508,1.573646,1.613577,1.656036,1.700411,1.746405,1.793604,1.841448,1.889756,1.937975,1.985742,2.03269,2.078353,2.122436,2.164475,2.204047,2.240765,2.27427,2.304229,2.330213,2.351793,2.368535,2.380245,2.386326,2.386488,2.380443,2.367593,2.347745,2.320065,2.282054,2.233686,2.175748,2.10912,2.03451,1.952705,1.864519,1.770647,1.671984,1.569308,1.463274,1.354877,1.244803,1.133859,1.022734,0.9124212,0.8036242,0.6970447,0.5936853,0.4942315,0.3995065,0.3102296,0.2273802,0.1516823,0.08389375
1.493634,1.545253,1.595577,1.643638,1.688937,1.730928,1.769279,1.804786,1.842025,1.881554,1.92275,1.965246,2.008694,2.052716,2.097057,2.141049,2.184722,2.227388,2.268722,2.308502,2.346362,2.381817,2.414541,2.444279,2.470574,2.493175,2.511575,2.525566,2.534811,2.538849,2.5374,2.530007,2.516428,2.49639,2.469374,2.434832,2.389932,2.334594,2.269736,2.196069,2.11427,2.025198,1.9296,1.82838,1.72211,1.61169,1.49788,1.381554,1.263323,1.144053,1.024542,0.9056816,0.7880521,0.6725683,0.5600016,0.4512575,0.346945,0.2479881,0.1551317,0.06922344,-0.008860416
1.734614,1.791963,1.847596,1.899998,1.94902,1.993797,2.034155,2.070622,2.10814,2.147036,2.18693,2.227575,2.26848,2.309387,2.350064,2.389957,2.428951,2.466507,2.502429,2.536394,2.568043,2.597085,2.623137,2.645941,2.665092,2.680333,2.691401,2.697926,2.699572,2.696021,2.686993,2.672297,2.651371,2.624086,2.590035,2.548685,2.496954,2.43473,2.362925,2.28221,2.193351,2.097158,1.994242,1.885616,1.771895,1.653905,1.532284,1.408022,1.281798,1.154398,1.026584,0.89904,0.7727743,0.6484538,0.5267622,0.4087083,0.294983,0.1863678,0.08357023,-0.01241442,-0.1008972
1.972897,2.036017,2.096635,2.153437,2.205822,2.253472,2.295583,2.332967,2.37072,2.40889,2.447572,2.486225,2.524792,2.562651,2.59964,2.63552,2.669867,2.702452,2.733004,2.761279,2.786806,2.809452,2.828959,2.844922,2.857002,2.865125,2.868881,2.868062,2.862311,2.851388,2.834971,2.812796,2.78471,2.75025,2.709277,2.661082,2.60261,2.533733,2.45503,2.367368,2.271584,2.168277,2.058226,1.942339,1.82121,1.695619,1.566408,1.434432,1.30022,1.164671,1.028673,0.8927684,0.757852,0.6246984,0.4942218,0.3669562,0.2438052,0.1255804,0.01314588,-0.09290198,-0.1916334
2.208047,2.276693,2.341858,2.402706,2.458675,2.508772,2.55285,2.591156,2.628742,2.666456,2.703804,2.740726,2.776591,2.81151,2.844967,2.876733,2.906682,2.934349,2.959686,2.98215,3.001879,3.018332,3.031234,3.040454,3.04574,3.046867,3.043507,3.035416,3.022377,3.004168,2.980499,2.951209,2.915953,2.874457,2.826638,2.771842,2.70679,2.63116,2.545794,2.451391,2.348709,2.238344,2.121311,1.998244,1.869879,1.736975,1.600168,1.460486,1.31854,1.175105,1.03094,0.8866936,0.7433844,0.6016653,0.4622963,0.3260669,0.1936491,0.06602328,-0.05607593,-0.1719402,-0.2808494
2.438971,2.512702,2.582602,2.647291,2.706309,2.759092,2.80485,2.843911,2.881569,2.918622,2.954752,2.98963,3.023107,3.055002,3.085064,3.112943,3.138402,3.16139,3.18145,3.19857,3.212405,3.222747,3.229416,3.232131,3.230703,3.224974,3.214626,3.199504,3.179312,3.154,3.123262,3.086861,3.044624,2.996391,2.941849,2.880566,2.808935,2.726814,2.634903,2.533795,2.424317,2.307312,2.183328,2.053303,1.917785,1.777586,1.633624,1.486383,1.336733,1.185449,1.03341,0.8811156,0.7294643,0.5793418,0.4312741,0.2861455,0.1448628,0.007930569,-0.1236848,-0.2493,-0.3679468
2.664822,2.743429,2.817647,2.886045,2.948102,3.003233,3.050531,3.090312,3.12799,3.164361,3.199122,3.23231,3.26347,3.292409,3.318997,3.342977,3.364247,3.382601,3.39768,3.409434,3.417599,3.422044,3.422549,3.418927,3.411069,3.398609,3.381539,3.359534,3.332528,3.300255,3.262614,3.219442,3.170428,3.115453,3.054405,2.986739,2.908881,2.820395,2.722008,2.614407,2.498434,2.374735,2.24408,2.107182,1.964771,1.817606,1.666399,1.511795,1.354769,1.195959,1.036109,0.875972,0.716305,0.5577317,0.401277,0.2475938,0.09742279,-0.04848178,-0.189423,-0.3244244,-0.4528043
2.884785,2.968164,3.04621,3.118099,3.183079,3.240327,3.289081,3.32951,3.367093,3.402813,3.436392,3.467641,3.496412,3.522561,3.545894,3.56617,3.583332,3.597124,3.607363,3.613955,3.616704,3.615478,3.610035,3.600288,3.586075,3.567234,3.543622,3.515041,3.481373,3.442465,3.398194,3.348241,3.292764,3.231318,3.163964,3.090081,3.006132,2.911434,2.806811,2.693033,2.570646,2.440583,2.303351,2.159774,2.010725,1.856634,1.698545,1.536918,1.372604,1.206498,1.039061,0.8711759,0.7037373,0.5372112,0.3724923,0.2104885,0.05165061,-0.1030938,-0.2528219,-0.3970774,-0.5349683
3.097957,3.18565,3.267597,3.342653,3.41008,3.469367,3.519582,3.560613,3.598076,3.633001,3.665335,3.694776,3.721274,3.744633,3.764769,3.781547,3.794612,3.804095,3.809706,3.811341,3.808863,3.802083,3.791081,3.775489,3.755208,3.730252,3.700289,3.665407,3.625331,3.580007,3.529308,3.473093,3.411158,3.343581,3.270061,3.1903,3.100282,2.999681,2.889087,2.769208,2.640744,2.504418,2.36096,2.211055,2.055438,1.894843,1.729984,1.561424,1.390209,1.216921,1.042292,0.8670621,0.6919736,0.5177683,0.3450429,0.1748612,0.007813179,-0.1553484,-0.3138502,-0.4669655,-0.613874
3.303572,3.395275,3.480589,3.558572,3.628522,3.689579,3.740885,3.782458,3.819687,3.853959,3.885015,3.912761,3.937007,3.957798,3.974828,3.988057,3.997428,4.002707,4.003894,4.000795,3.993345,3.98138,3.964835,3.943657,3.917684,3.886799,3.850911,3.809962,3.76376,3.712349,3.655445,3.593144,3.525235,3.451646,3.372277,3.286793,3.191179,3.084927,2.968493,2.842857,2.708467,2.566251,2.416686,2.260592,2.098826,1.931811,1.760582,1.585541,1.407549,1.227507,1.045826,0.8635495,0.6811005,0.4993689,0.319262,0.1412008,-0.03389482,-0.2051635,-0.3721184,-0.5338507,-0.6894651
3.500899,3.59608,3.684557,3.765141,3.837225,3.899941,3.952247,3.994204,4.031264,4.064699,4.094552,4.120496,4.142733,4.160966,4.175007,4.185008,4.190777,4.19209,4.189028,4.181413,4.169242,4.152353,4.13076,4.104244,4.072795,4.036354,3.994822,3.948066,3.896181,3.838938,3.776287,3.708139,3.634503,3.555241,3.470299,3.379316,3.27835,3.166585,3.044747,2.913501,2.773562,2.625631,2.470372,2.308496,2.140711,1.967741,1.790285,1.609045,1.424594,1.237949,1.049687,0.8605287,0.6712014,0.4824434,0.2949704,0.1095448,-0.07311857,-0.2524109,-0.4272891,-0.5971441,-0.7612181
3.688885,3.787338,3.878521,3.961484,4.035377,4.099376,4.152709,4.194946,4.231734,4.264405,4.292935,4.317272,4.337419,4.353226,4.36452,4.371374,4.373716,4.371375,4.364325,4.352447,4.335913,4.314349,4.28788,4.256406,4.219851,4.178167,4.131403,4.079298,4.021935,3.959158,3.891093,3.817501,3.738476,3.653918,3.563655,3.467623,3.361454,3.244595,3.117521,2.981101,2.835778,2.682382,2.521745,2.354274,2.18097,2.002191,1.818984,1.631732,1.44146,1.248554,1.053898,0.8583746,0.6623707,0.466943,0.2724887,0.07990253,-0.1098959,-0.2965359,-0.4789084,-0.6566165,-0.8287591
3.866675,3.96793,4.061497,4.146461,4.221943,4.287162,4.341193,4.38364,4.419954,4.45189,4.479274,4.50201,4.520152,4.533626,4.542423,4.546305,4.545386,4.539629,4.528829,4.513088,4.492318,4.466542,4.435608,4.399498,4.358216,4.311703,4.259888,4.202821,4.140441,4.072668,3.999442,3.920851,3.836731,3.74712,3.651963,3.551037,3.440132,3.318394,3.18652,3.045083,2.894877,2.736513,2.57069,2.398091,2.219405,2.035342,1.8466,1.65384,1.457798,1.259166,1.058656,0.8568079,0.654683,0.4528233,0.251961,0.05281821,-0.1438943,-0.3374156,-0.5270404,-0.712,-0.8915452
4.033728,4.137279,4.232825,4.319369,4.396169,4.462329,4.516886,4.559338,4.595243,4.626287,4.652496,4.673786,4.690066,4.701397,4.707607,4.708863,4.704978,4.695967,4.681844,4.662455,4.637897,4.608087,4.573044,4.532714,4.487082,4.436116,4.37985,4.318159,4.251119,4.178662,4.100834,4.017472,3.928758,3.834495,3.73482,3.629344,3.514049,3.387761,3.251393,3.105363,2.950557,2.787456,2.616949,2.439435,2.255931,2.06678,1.873011,1.67498,1.473722,1.269591,1.063644,0.8562276,0.6482306,0.4405472,0.2335358,0.02827182,-0.1748679,-0.3748262,-0.5711802,-0.7628898,-0.9495499
4.188911,4.294348,4.391387,4.479299,4.557037,4.623861,4.678689,4.721134,4.756551,4.786755,4.811736,4.831548,4.846129,4.85544,4.85941,4.85812,4.851562,4.839605,4.82232,4.799678,4.771675,4.738357,4.699541,4.655364,4.605826,4.550879,4.490467,4.424674,4.353392,4.276693,4.194621,4.107018,4.014094,3.915656,3.811769,3.702222,3.582794,3.452463,3.311913,3.161721,3.002632,2.835268,2.660315,2.478456,2.290353,2.096694,1.898152,1.695427,1.489209,1.28018,1.069048,0.8565142,0.6432787,0.4300558,0.2175466,0.006302149,-0.2026172,-0.4086431,-0.611077,-0.8091709,-1.002189
4.331491,4.438353,4.536482,4.625234,4.703613,4.77079,4.82581,4.868112,4.902876,4.932169,4.956062,4.974444,4.987366,4.994783,4.996763,4.993209,4.984157,4.969622,4.949584,4.924046,4.892958,4.85638,4.814324,4.766819,4.713715,4.655184,4.591215,4.521653,4.446733,4.366325,4.280372,4.189069,4.092226,3.990034,3.88242,3.769106,3.646075,3.511969,3.367703,3.213665,3.050775,2.879456,2.700611,2.514657,2.322536,2.12462,1.921914,1.71476,1.504199,1.290559,1.074895,0.8575354,0.6395531,0.42128,0.2037885,-0.01256237,-0.2267152,-0.4382989,-0.6462347,-0.8501518,-1.04914
4.460771,4.5684,4.667241,4.756389,4.83504,4.902297,4.957221,4.999208,5.03326,5.061681,5.084457,5.101512,5.112925,5.118668,5.118736,5.11318,5.102002,5.085124,5.062643,5.034565,5.00082,4.961499,4.916627,4.866123,4.810048,4.748444,4.681271,4.608682,4.530468,4.446765,4.357566,4.262916,4.162799,4.057235,3.946271,3.829801,3.703451,3.566133,3.418461,3.261152,3.094794,2.92007,2.737645,2.548182,2.35233,2.150789,1.944207,1.73328,1.518677,1.301087,1.081202,0.8597123,0.6373141,0.4147055,0.1925915,-0.02831428,-0.2473197,-0.4636845,-0.6767123,-0.8856676,-1.089822
