leaflet-velocity/demo/wind-gbr.json
{"header": { "discipline": 0, "disciplineName": "Meteorological products", "gribEdition": 2, "gribLength": 133963, "center": 7, "centerName": "US National Weather Service - NCEP(WMC)", "subcenter": 0, "refTime": "2014-11-30T06:00:00.000Z", "significanceOfRT": 1, "significanceOfRTName": "Start of forecast", "productStatus": 0, "productStatusName": "Operational products", "productType": 1, "productTypeName": "Forecast products", "productDefinitionTemplate": 0, "productDefinitionTemplateName": "Analysis/forecast at horizontal level/layer at a point in time", "parameterCategory": 2, "parameterCategoryName": "Momentum", "parameterNumber": 3, "parameterNumberName": "V-component_of_wind", "parameterUnit": "m.s-1", "genProcessType": 2, "genProcessTypeName": "Forecast", "forecastTime": 6, "surface1Type": 100, "surface1TypeName": "Isobaric surface", "surface1Value": 85000, "surface2Type": 255, "surface2TypeName": "Missing", "surface2Value": 0, "gridDefinitionTemplate": 0, "gridDefinitionTemplateName": "Latitude_Longitude", "numberPoints": 14400, "shape": 6, "shapeName": "Earth spherical with radius of 6,371,229.0 m", "gridUnits": "degrees", "resolution": 48, "winds": "true", "scanMode": 0, "nx": 120, "ny": 120, "basicAngle": 0, "subDivisions": 0, "lo1": -0.08300781, "la1": 42.6, "lo2": 4.113086, "la2": 40, "dx": 0.0349674484, "dy": 0.02166667 }, "data":
[rows 81 to 107 of 120, columns 0 to 59 of 120]
-1.272541,-1.071332,-0.8817706,-0.7049147,-0.5424579,-0.3954237,-0.2654726,-0.153718,-0.06034458,0.0197932,0.0878441,0.1447087,0.1910079,0.2275384,0.2549953,0.2740775,0.2855511,0.290114,0.2883246,0.2810133,0.2688792,0.2525205,0.2326391,0.209875,0.1849219,0.1584167,0.1309781,0.1032993,0.07603445,0.04974522,0.02512839,0.002801504,-0.01661931,-0.03252556,-0.04427075,-0.05130714,-0.05440155,-0.05438072,-0.05183765,-0.0471874,-0.04090947,-0.03348764,-0.02542428,-0.01717214,-0.009201699,-0.001967074,0.004050688,0.008386493,0.01056091,0.01014274,0.006624125,-0.0003596263,-0.01143868,-0.02685872,-0.04723066,-0.07296191,-0.1044756,-0.1423261,-0.1868696,-0.2385781
-1.326927,-1.137533,-0.9589207,-0.7923737,-0.6391407,-0.5005577,-0.3778313,-0.2722087,-0.1838095,-0.1078214,-0.04301816,0.01130909,0.05586328,0.09138918,0.1184328,0.13773,0.1498559,0.1555747,0.1554672,0.1501613,0.1402698,0.1264221,0.1092867,0.08935852,0.06734847,0.04381731,0.01934407,-0.005435891,-0.02998106,-0.05369986,-0.07602423,-0.0963407,-0.1141357,-0.1288113,-0.1397959,-0.1465774,-0.1497455,-0.1501638,-0.1482606,-0.1444699,-0.139276,-0.1330743,-0.1264063,-0.1195877,-0.1131523,-0.1075002,-0.1031034,-0.1003445,-0.09969826,-0.1015537,-0.1063845,-0.1146458,-0.1266881,-0.1429919,-0.1640269,-0.1900969,-0.2217054,-0.2593089,-0.3032448,-0.3540453
-1.383544,-1.206157,-1.038963,-0.8828971,-0.7393683,-0.6093404,-0.4941521,-0.3947981,-0.3116179,-0.2398717,-0.1784373,-0.1266231,-0.08380707,-0.04939971,-0.02278991,-0.003262579,0.009651063,0.01658181,0.01811153,0.01480525,0.00726678,-0.003920984,-0.01825813,-0.03522566,-0.05413469,-0.07459569,-0.09597067,-0.1177944,-0.1394723,-0.1605132,-0.1803958,-0.1986034,-0.2146512,-0.2279696,-0.2381089,-0.2445177,-0.2477766,-0.2484946,-0.2471536,-0.2441475,-0.2399242,-0.2348578,-0.2294511,-0.2240144,-0.2190023,-0.2148364,-0.211901,-0.2106446,-0.2114252,-0.2145966,-0.2207052,-0.2300555,-0.2430801,-0.2601276,-0.2816343,-0.3079937,-0.3396367,-0.3769097,-0.4201933,-0.4699666
-1.441511,-1.27661,-1.121022,-0.9758069,-0.8421037,-0.7209075,-0.6134284,-0.520606,-0.4426764,-0.3753243,-0.3173903,-0.268179,-0.2272193,-0.19382,-0.1675901,-0.1479292,-0.1342155,-0.1260543,-0.1227749,-0.1239897,-0.1290892,-0.1376426,-0.1491096,-0.1629507,-0.1787517,-0.1959808,-0.2142082,-0.2329309,-0.2516547,-0.2699358,-0.2873207,-0.3033086,-0.3175277,-0.3294134,-0.3385488,-0.3445627,-0.3477667,-0.3487182,-0.347885,-0.3455757,-0.3422485,-0.3382208,-0.333956,-0.3297856,-0.3261135,-0.323329,-0.3217991,-0.321869,-0.3240088,-0.328446,-0.335705,-0.3460588,-0.3599313,-0.3776164,-0.3996069,-0.4261483,-0.4577202,-0.4946207,-0.5371808,-0.5858724
-1.500542,-1.348245,-1.204549,-1.070343,-0.9467265,-0.8345402,-0.7349544,-0.6487023,-0.5762295,-0.5133339,-0.458863,-0.4123535,-0.3732114,-0.340957,-0.3151573,-0.2952559,-0.2807985,-0.271291,-0.2663487,-0.2653292,-0.2680361,-0.2738238,-0.2822919,-0.293024,-0.3056434,-0.3196129,-0.3345841,-0.3500771,-0.3657858,-0.3811909,-0.396016,-0.4097162,-0.4219568,-0.4323573,-0.440495,-0.4460343,-0.4490849,-0.4502392,-0.4497502,-0.4480541,-0.4455121,-0.4424691,-0.4392819,-0.4362902,-0.4338621,-0.4324106,-0.4321622,-0.4335125,-0.4368543,-0.4424692,-0.4507664,-0.4620899,-0.4766839,-0.494972,-0.5173323,-0.5440027,-0.5753894,-0.6117668,-0.65359,-0.7010833
-1.559856,-1.420404,-1.288753,-1.165762,-1.052323,-0.9493381,-0.8577057,-0.7782296,-0.7112016,-0.6528457,-0.6019311,-0.5581179,-0.5208431,-0.4897715,-0.4643896,-0.44429,-0.4290597,-0.4182524,-0.4114658,-0.4083819,-0.4085425,-0.411505,-0.4170248,-0.4245641,-0.4338868,-0.4445927,-0.4562173,-0.4685422,-0.4810931,-0.4936215,-0.5057137,-0.5170904,-0.5273634,-0.5361658,-0.5432402,-0.5481957,-0.5511144,-0.5523338,-0.5521619,-0.5510197,-0.5492116,-0.547042,-0.5448345,-0.5429498,-0.5416793,-0.5413788,-0.5423694,-0.544926,-0.5493985,-0.5560984,-0.5653696,-0.5775076,-0.5928133,-0.6116095,-0.6341988,-0.6609194,-0.6921288,-0.7280202,-0.7689522,-0.8153048
-1.619122,-1.492658,-1.373102,-1.261438,-1.158264,-1.064497,-0.9809409,-0.90826,-0.8468258,-0.7929802,-0.7456964,-0.7046094,-0.6692334,-0.639308,-0.6143521,-0.5940363,-0.5779813,-0.5659386,-0.5573722,-0.5520869,-0.5497294,-0.5499021,-0.5523851,-0.5567628,-0.5627243,-0.5700181,-0.5783393,-0.5873697,-0.5968303,-0.6063966,-0.6157815,-0.6247317,-0.6329646,-0.640156,-0.64606,-0.6504474,-0.6531249,-0.6543486,-0.6544858,-0.6538147,-0.6526257,-0.6512784,-0.6500041,-0.6490989,-0.6489201,-0.649733,-0.6518013,-0.6554785,-0.6610252,-0.6687233,-0.6788812,-0.6917601,-0.7076957,-0.7268942,-0.7497223,-0.7764566,-0.8073552,-0.8426584,-0.8827482,-0.9278132
-1.677643,-1.564142,-1.45685,-1.356463,-1.263709,-1.179221,-1.103734,-1.037944,-0.9821042,-0.9328217,-0.889207,-0.8508434,-0.8173708,-0.7885686,-0.7640897,-0.7436055,-0.7267368,-0.7133071,-0.7030731,-0.6955594,-0.6906729,-0.6880527,-0.6874152,-0.6886218,-0.6912646,-0.6952421,-0.7002198,-0.70592,-0.7122107,-0.7187796,-0.7254536,-0.7319818,-0.7380764,-0.7436486,-0.7483525,-0.7520522,-0.7544556,-0.755688,-0.7560467,-0.7557824,-0.7551449,-0.754509,-0.754063,-0.7541212,-0.754925,-0.7568167,-0.7599307,-0.764622,-0.7711495,-0.7797565,-0.790732,-0.8043101,-0.8207579,-0.8403569,-0.8633311,-0.8899771,-0.9205205,-0.9552202,-0.9943321,-1.03818
-1.734853,-1.63437,-1.539235,-1.450207,-1.36778,-1.292635,-1.225327,-1.166394,-1.116087,-1.071378,-1.031376,-0.995774,-0.9642992,-0.9366195,-0.9125618,-0.891876,-0.874302,-0.859565,-0.8475188,-0.83788,-0.8304531,-0.8250336,-0.8214029,-0.8193869,-0.8187352,-0.819312,-0.8209301,-0.8233554,-0.8264285,-0.8300539,-0.8339785,-0.8380499,-0.8420576,-0.8458696,-0.8493968,-0.8523878,-0.8545185,-0.8556558,-0.856155,-0.8562411,-0.8561505,-0.8561746,-0.8565322,-0.8574248,-0.8591696,-0.861963,-0.866061,-0.8717327,-0.8791716,-0.8886141,-0.9003373,-0.9145425,-0.9314575,-0.9513462,-0.9744269,-1.000925,-1.031107,-1.065148,-1.103312,-1.145846
-1.790337,-1.702734,-1.619755,-1.541971,-1.469901,-1.404005,-1.344754,-1.292699,-1.24791,-1.207813,-1.171423,-1.138541,-1.108956,-1.082443,-1.058876,-1.038,-1.019637,-1.003647,-0.9898435,-0.9780717,-0.9681392,-0.9599405,-0.9533211,-0.9481159,-0.9442303,-0.9414181,-0.9397002,-0.9388711,-0.9388224,-0.9394695,-0.9405893,-0.9421929,-0.9441397,-0.9462788,-0.9485781,-0.9508293,-0.9525674,-0.9536127,-0.954249,-0.954634,-0.9549924,-0.9556441,-0.9566854,-0.9584051,-0.9609768,-0.9646918,-0.9696631,-0.976185,-0.9845107,-0.9947003,-1.007112,-1.021854,-1.039219,-1.059329,-1.082448,-1.108792,-1.138564,-1.171884,-1.209088,-1.250314
-1.843536,-1.768657,-1.69774,-1.631064,-1.569211,-1.512434,-1.46123,-1.415978,-1.376743,-1.341101,-1.308306,-1.278122,-1.250449,-1.225085,-1.201972,-1.180999,-1.161885,-1.144632,-1.129092,-1.115217,-1.102811,-1.091932,-1.08233,-1.073995,-1.066837,-1.060799,-1.055742,-1.051695,-1.048545,-1.046185,-1.044676,-1.043813,-1.043648,-1.044114,-1.045133,-1.046663,-1.047986,-1.048932,-1.049637,-1.050276,-1.051035,-1.052191,-1.053886,-1.056342,-1.059723,-1.064249,-1.070115,-1.077473,-1.086513,-1.097466,-1.110445,-1.12572,-1.143422,-1.163733,-1.186878,-1.213005,-1.242283,-1.274916,-1.311085,-1.350987
-1.893813,-1.831536,-1.772421,-1.716781,-1.664943,-1.61723,-1.573934,-1.535367,-1.501547,-1.470351,-1.441107,-1.413614,-1.387835,-1.363588,-1.340973,-1.319741,-1.299963,-1.281501,-1.264339,-1.248359,-1.233622,-1.220007,-1.207525,-1.196117,-1.185834,-1.17654,-1.168284,-1.161053,-1.154809,-1.149581,-1.145355,-1.142134,-1.139899,-1.138647,-1.138427,-1.139183,-1.140153,-1.140931,-1.141621,-1.142474,-1.143641,-1.145307,-1.147592,-1.150741,-1.154862,-1.160145,-1.166778,-1.174883,-1.184657,-1.196252,-1.209803,-1.225519,-1.243553,-1.264008,-1.287107,-1.31295,-1.341789,-1.373672,-1.408853,-1.447436
-1.940836,-1.89088,-1.843299,-1.798452,-1.756426,-1.717549,-1.682027,-1.649941,-1.621469,-1.59466,-1.568824,-1.543962,-1.520005,-1.496998,-1.474804,-1.453448,-1.432976,-1.413348,-1.394546,-1.376596,-1.359511,-1.343307,-1.328037,-1.31368,-1.300265,-1.287857,-1.276432,-1.266142,-1.256917,-1.248865,-1.242023,-1.236427,-1.232171,-1.229271,-1.227785,-1.227801,-1.228364,-1.228919,-1.229632,-1.230692,-1.232176,-1.234282,-1.237134,-1.240917,-1.245734,-1.251717,-1.259059,-1.267897,-1.278331,-1.290493,-1.304587,-1.320659,-1.338993,-1.359564,-1.38255,-1.408165,-1.436516,-1.46764,-1.501801,-1.539041
-1.984002,-1.945983,-1.909692,-1.87526,-1.842866,-1.812598,-1.784535,-1.758913,-1.735641,-1.713051,-1.690595,-1.668267,-1.646163,-1.624205,-1.602508,-1.581066,-1.559938,-1.539173,-1.518831,-1.498968,-1.479637,-1.460938,-1.442947,-1.425694,-1.409277,-1.393828,-1.379419,-1.366101,-1.353994,-1.343228,-1.333855,-1.325988,-1.319715,-1.315232,-1.312528,-1.311771,-1.311901,-1.312293,-1.313007,-1.314198,-1.315968,-1.318503,-1.321878,-1.326234,-1.331689,-1.338359,-1.346374,-1.355836,-1.366875,-1.37962,-1.394161,-1.410639,-1.429156,-1.449798,-1.472736,-1.498057,-1.525849,-1.556249,-1.589384,-1.625367
-2.022817,-1.996348,-1.970954,-1.946652,-1.923515,-1.901548,-1.880826,-1.86138,-1.843152,-1.824644,-1.805438,-1.785586,-1.765263,-1.744367,-1.723131,-1.701617,-1.679856,-1.658033,-1.636206,-1.614534,-1.593072,-1.572008,-1.55135,-1.531412,-1.512148,-1.49378,-1.476437,-1.460258,-1.445374,-1.43197,-1.420146,-1.41011,-1.401947,-1.395867,-1.392004,-1.390484,-1.39021,-1.390396,-1.391097,-1.392399,-1.394464,-1.397359,-1.401212,-1.406122,-1.412146,-1.419466,-1.428104,-1.43817,-1.449773,-1.463042,-1.477993,-1.494809,-1.513509,-1.534224,-1.557049,-1.582019,-1.609319,-1.638996,-1.671117,-1.705809
-2.056772,-2.041429,-2.026475,-2.011894,-1.997643,-1.983696,-1.970007,-1.956502,-1.943034,-1.928471,-1.912388,-1.894977,-1.876303,-1.856519,-1.835742,-1.814112,-1.79183,-1.768993,-1.745769,-1.722359,-1.698863,-1.675507,-1.652436,-1.629839,-1.607898,-1.586749,-1.566674,-1.547749,-1.530261,-1.514324,-1.500186,-1.488029,-1.478074,-1.470486,-1.465464,-1.46324,-1.46258,-1.462551,-1.46321,-1.464644,-1.466965,-1.47023,-1.474528,-1.479936,-1.486531,-1.494407,-1.503622,-1.514292,-1.5264,-1.540123,-1.555515,-1.572586,-1.591458,-1.612221,-1.634882,-1.659595,-1.68636,-1.715297,-1.746441,-1.779913
-2.085424,-2.080639,-2.075646,-2.070317,-2.064564,-2.05821,-2.051204,-2.043336,-2.034495,-2.02367,-2.0106,-1.995429,-1.978343,-1.959577,-1.939263,-1.91759,-1.894796,-1.871033,-1.846503,-1.821476,-1.796095,-1.770628,-1.745243,-1.720212,-1.695685,-1.671944,-1.649246,-1.627771,-1.607785,-1.589544,-1.573226,-1.559091,-1.547402,-1.538393,-1.532287,-1.529378,-1.528349,-1.528114,-1.528742,-1.530305,-1.532851,-1.536442,-1.541157,-1.547052,-1.554188,-1.562607,-1.572366,-1.583534,-1.596181,-1.610327,-1.626067,-1.643418,-1.662448,-1.683206,-1.70576,-1.73014,-1.75642,-1.784619,-1.81482,-1.847083
-2.10827,-2.113462,-2.117853,-2.12125,-2.123492,-2.124321,-2.123602,-2.121113,-2.116597,-2.109278,-2.09901,-2.085994,-2.070478,-2.052635,-2.032775,-2.011096,-1.987828,-1.963207,-1.937509,-1.91096,-1.883815,-1.856402,-1.828842,-1.801528,-1.774687,-1.748537,-1.723436,-1.699592,-1.67732,-1.656842,-1.638503,-1.622542,-1.609231,-1.598916,-1.591806,-1.588238,-1.586853,-1.586431,-1.58704,-1.588688,-1.591467,-1.595394,-1.600509,-1.606851,-1.614468,-1.623408,-1.633708,-1.645382,-1.658474,-1.673063,-1.689117,-1.706716,-1.725871,-1.746655,-1.769067,-1.793125,-1.818905,-1.846423,-1.87572,-1.906814
-2.124838,-2.139331,-2.152477,-2.164038,-2.173707,-2.18126,-2.186428,-2.188936,-2.188469,-2.184398,-2.176729,-2.165734,-2.151648,-2.134777,-2.115332,-2.093614,-2.069937,-2.044565,-2.017795,-1.989877,-1.961169,-1.931905,-1.902438,-1.873047,-1.844029,-1.81572,-1.788368,-1.762341,-1.737952,-1.7155,-1.695292,-1.677644,-1.662884,-1.651336,-1.643318,-1.639125,-1.637426,-1.636852,-1.637426,-1.639209,-1.642206,-1.646448,-1.651931,-1.65873,-1.666826,-1.676254,-1.687034,-1.69919,-1.712734,-1.727682,-1.744071,-1.761906,-1.781182,-1.801966,-1.82425,-1.848013,-1.873334,-1.900193,-1.928606,-1.958614
-2.134667,-2.157727,-2.178933,-2.197986,-2.214538,-2.228276,-2.238848,-2.245926,-2.24916,-2.248113,-2.242867,-2.233696,-2.220935,-2.204916,-2.185869,-2.164195,-2.140182,-2.114108,-2.086398,-2.057287,-2.027086,-1.996259,-1.965028,-1.933785,-1.902831,-1.872552,-1.843233,-1.815259,-1.788985,-1.764719,-1.742834,-1.723694,-1.707629,-1.694983,-1.686116,-1.681399,-1.679404,-1.678701,-1.6793,-1.681198,-1.684419,-1.688954,-1.694821,-1.702033,-1.710587,-1.720492,-1.731754,-1.744355,-1.758327,-1.773659,-1.790332,-1.808388,-1.827808,-1.848585,-1.870739,-1.894245,-1.919089,-1.945334,-1.972927,-2.0019
-2.137296,-2.168105,-2.196638,-2.222487,-2.245245,-2.264577,-2.280037,-2.291283,-2.297862,-2.299505,-2.296414,-2.288939,-2.277378,-2.262124,-2.243489,-2.221844,-2.197535,-2.170917,-2.142341,-2.112182,-2.080796,-2.048541,-2.015802,-1.982916,-1.950292,-1.918263,-1.887202,-1.857539,-1.829596,-1.803777,-1.780452,-1.759981,-1.742751,-1.729154,-1.719567,-1.714369,-1.71214,-1.711344,-1.711975,-1.71401,-1.717453,-1.722301,-1.72854,-1.736177,-1.74517,-1.755523,-1.767249,-1.780288,-1.794659,-1.810356,-1.827333,-1.845613,-1.865138,-1.885931,-1.907981,-1.931224,-1.955683,-1.981358,-2.008189,-2.036202
-2.13227,-2.169981,-2.204984,-2.236849,-2.265133,-2.289414,-2.309218,-2.324115,-2.33366,-2.337674,-2.33649,-2.330477,-2.320009,-2.305441,-2.287183,-2.265593,-2.241075,-2.213974,-2.18473,-2.153685,-2.12126,-2.087814,-2.053795,-2.019542,-1.98547,-1.952006,-1.9195,-1.888374,-1.859061,-1.831898,-1.807325,-1.785764,-1.767568,-1.753166,-1.742967,-1.73737,-1.734964,-1.734118,-1.734802,-1.737003,-1.740703,-1.745862,-1.752475,-1.760506,-1.769949,-1.78076,-1.792922,-1.806392,-1.82116,-1.837198,-1.854481,-1.872969,-1.89264,-1.913468,-1.93541,-1.958452,-1.982536,-2.007678,-2.033828,-2.060948
-2.119149,-2.162784,-2.2034,-2.240472,-2.273518,-2.302029,-2.325564,-2.343613,-2.355671,-2.361703,-2.362144,-2.357394,-2.347848,-2.333918,-2.315995,-2.294485,-2.269807,-2.242373,-2.212572,-2.180842,-2.147559,-2.113186,-2.078122,-2.042777,-2.007577,-1.972929,-1.939265,-1.906969,-1.876527,-1.84832,-1.822776,-1.800315,-1.781346,-1.766319,-1.755641,-1.749728,-1.74721,-1.746362,-1.747151,-1.749543,-1.7535,-1.758999,-1.765986,-1.774433,-1.78431,-1.795561,-1.808153,-1.822062,-1.837222,-1.853619,-1.871187,-1.889892,-1.909713,-1.930572,-1.952472,-1.975322,-1.999104,-2.023796,-2.049314,-2.075658
-2.09749,-2.146082,-2.191314,-2.232674,-2.269663,-2.301699,-2.32829,-2.348906,-2.363035,-2.370695,-2.372453,-2.368732,-2.359947,-2.346537,-2.328922,-2.307509,-2.282743,-2.255077,-2.224895,-2.192679,-2.158807,-2.123771,-2.087942,-2.051787,-2.015767,-1.980261,-1.945732,-1.912617,-1.881378,-1.852397,-1.82614,-1.80306,-1.783554,-1.768078,-1.757071,-1.750966,-1.748409,-1.747625,-1.748568,-1.751195,-1.755455,-1.761301,-1.768685,-1.77755,-1.787861,-1.799559,-1.812595,-1.826916,-1.842471,-1.859208,-1.877074,-1.896016,-1.915981,-1.936916,-1.958748,-1.981461,-2.004983,-2.02926,-2.054239,-2.079866
-2.066827,-2.119373,-2.168373,-2.21325,-2.253426,-2.288331,-2.31746,-2.340213,-2.356045,-2.365081,-2.367985,-2.365201,-2.357166,-2.344324,-2.327112,-2.305973,-2.281357,-2.253702,-2.223446,-2.191047,-2.156941,-2.121574,-2.085395,-2.048819,-2.012347,-1.976401,-1.941422,-1.907864,-1.876138,-1.846747,-1.820114,-1.796676,-1.776867,-1.76117,-1.750005,-1.743822,-1.741303,-1.74064,-1.741777,-1.744641,-1.749196,-1.755364,-1.763094,-1.772334,-1.783011,-1.795069,-1.808461,-1.823095,-1.838947,-1.855918,-1.87398,-1.893039,-1.913062,-1.933953,-1.955669,-1.978161,-2.001332,-2.025158,-2.049531,-2.074436
-2.026955,-2.082967,-2.135159,-2.183028,-2.225956,-2.263418,-2.294726,-2.319366,-2.336701,-2.34697,-2.350943,-2.34908,-2.341825,-2.329639,-2.312962,-2.292274,-2.267984,-2.240571,-2.210514,-2.17821,-2.144172,-2.108798,-2.072565,-2.035955,-1.99937,-1.963283,-1.92816,-1.894467,-1.862605,-1.833065,-1.806285,-1.782743,-1.762841,-1.747075,-1.735863,-1.729682,-1.727244,-1.726718,-1.728029,-1.731112,-1.735904,-1.742334,-1.750336,-1.759848,-1.770793,-1.783108,-1.796722,-1.811558,-1.827558,-1.844647,-1.862743,-1.8818,-1.901737,-1.92248,-1.943961,-1.966107,-1.988844,-2.01212,-2.035838,-2.059946
-1.978562,-2.037393,-2.092336,-2.14277,-2.18804,-2.227617,-2.260838,-2.28708,-2.30573,-2.317087,-2.322049,-2.321062,-2.314612,-2.303143,-2.287119,-2.267018,-2.243262,-2.216328,-2.186688,-2.154765,-2.121032,-2.085966,-2.050016,-2.01364,-1.97728,-1.941371,-1.906426,-1.872866,-1.841158,-1.811728,-1.785063,-1.761602,-1.741801,-1.726101,-1.714986,-1.708853,-1.706541,-1.706159,-1.707642,-1.710913,-1.715904,-1.722532,-1.730734,-1.74042,-1.751535,-1.763978,-1.777702,-1.79262,-1.808648,-1.825724,-1.843756,-1.862689,-1.882423,-1.902895,-1.924018,-1.945736,-1.967944,-1.990602,-2.01358,-2.036862
