leaflet-velocity/demo/wind-gbr.json
{"header": { "discipline": 0, "disciplineName": "Meteorological products", "gribEdition": 2, "gribLength": 133963, "center": 7, "centerName": "US National Weather Service - NCEP(WMC)", "subcenter": 0, "refTime": "2014-11-30T06:00:00.000Z", "significanceOfRT": 1, "significanceOfRTName": "Start of forecast", "productStatus": 0, "productStatusName": "Operational products", "productType": 1, "productTypeName": "Forecast products", "productDefinitionTemplate": 0, "productDefinitionTemplateName": "Analysis/forecast at horizontal level/layer at a point in time", "parameterCategory": 2, "parameterCategoryName": "Momentum", "parameterNumber": 3, "parameterNumberName": "V-component_of_wind", "parameterUnit": "m.s-1", "genProcessType": 2, "genProcessTypeName": "Forecast", "forecastTime": 6, "surface1Type": 100, "surface1TypeName": "Isobaric surface", "surface1Value": 85000, "surface2Type": 255, "surface2TypeName": "Missing", "surface2Value": 0, "gridDefinitionTemplate": 0, "gridDefinitionTemplateName": "Latitude_Longitude", "numberPoints": 14400, "shape": 6, "shapeName": "Earth spherical with radius of 6,371,229.0 m", "gridUnits": "degrees", "resolution": 48, "winds": "true", "scanMode": 0, "nx": 120, "ny": 120, "basicAngle": 0, "subDivisions": 0, "lo1": -0.08300781, "la1": 42.6, "lo2": 4.113086, "la2": 40, "dx": 0.0349674484, "dy": 0.02166667 }, "data":
[rows 54 to 80 of 120, columns 60 to 119 of 120]
1.575138,1.51225,1.424937,1.311325,1.170734,1.004712,0.8149863,0.6032684,0.3713256,0.12081,-0.146565,-0.4290275,-0.724847,-1.03239,-1.34984,-1.675467,-2.007624,-2.344483,-2.684304,-3.040093,-3.383083,-3.72398,-4.060438,-4.391223,-4.713945,-5.027094,-5.329139,-5.617671,-5.891363,-6.147951,-6.38593,-6.621341,-6.864157,-7.113065,-7.36659,-7.623506,-7.881797,-8.140352,-8.39758,-8.652296,-8.902606,-9.147285,-9.384876,-9.613965,-9.83312,-10.04092,-10.23612,-10.41698,-10.58228,-10.73063,-10.86065,-10.97098,-11.06026,-11.1271,-11.17025,-11.18834,-11.18005,-11.14406,-11.07843,-10.97756
1.531391,1.466214,1.377503,1.263483,1.123606,0.9593555,0.772419,0.5643703,0.3368571,0.09154112,-0.1700204,-0.4460953,-0.7350925,-1.0354,-1.345324,-1.663243,-1.987513,-2.316512,-2.648483,-2.996121,-3.331795,-3.665402,-3.995252,-4.319618,-4.636799,-4.945084,-5.24266,-5.527879,-5.799001,-6.053939,-6.29167,-6.527955,-6.772718,-7.024375,-7.281187,-7.542012,-7.805158,-8.069058,-8.331926,-8.592775,-8.849787,-9.101289,-9.346193,-9.582806,-9.809433,-10.025,-10.22765,-10.41628,-10.58911,-10.74498,-10.8822,-10.99958,-11.09547,-11.16865,-11.2176,-11.24098,-11.2374,-11.20552,-11.14322,-11.04533
1.485955,1.418599,1.328563,1.21419,1.075149,0.9127448,0.7285937,0.5242327,0.3012056,0.06104272,-0.1946564,-0.4642968,-0.7465249,-1.039611,-1.342048,-1.652306,-1.968671,-2.289786,-2.614023,-2.953627,-3.281688,-3.608253,-3.931206,-4.249404,-4.560718,-4.863747,-5.157135,-5.438715,-5.707079,-5.960766,-6.197897,-6.434954,-6.681426,-6.93547,-7.195501,-7.460286,-7.727681,-7.996448,-8.264899,-8.531522,-8.794941,-9.053155,-9.30485,-9.548449,-9.78243,-10.00524,-10.21536,-10.41128,-10.59147,-10.75444,-10.89869,-11.02273,-11.12509,-11.20427,-11.25882,-11.28733,-11.28831,-11.26037,-11.20141,-11.10647
1.439088,1.369692,1.278432,1.163855,1.025637,0.8650883,0.6838039,0.4831582,0.2646156,0.02965678,-0.2203251,-0.4837198,-0.7590705,-1.044956,-1.339903,-1.642435,-1.951098,-2.264504,-2.580889,-2.91222,-3.232983,-3.552267,-3.868549,-4.180337,-4.486029,-4.784056,-5.072947,-5.351043,-5.616588,-5.868442,-6.105101,-6.342894,-6.590785,-6.84688,-7.109958,-7.378145,-7.649846,-7.923095,-8.196825,-8.469109,-8.738339,-9.002707,-9.261024,-9.511233,-9.752197,-9.98208,-10.19913,-10.40215,-10.58921,-10.75908,-10.90991,-11.04043,-11.14885,-11.23386,-11.29378,-11.32719,-11.33257,-11.30846,-11.25264,-11.16056
1.391082,1.319724,1.227386,1.11263,0.9753326,0.8167417,0.6382807,0.4413112,0.2272334,-0.002598682,-0.2467088,-0.5038436,-0.7725201,-1.051372,-1.339005,-1.634049,-1.934995,-2.240576,-2.549302,-2.872675,-3.185892,-3.498219,-3.807642,-4.113016,-4.413094,-4.705902,-4.990472,-5.264824,-5.527745,-5.777918,-6.013718,-6.25192,-6.501207,-6.759376,-7.024955,-7.296309,-7.571885,-7.849621,-8.127967,-8.405324,-8.680014,-8.950571,-9.214883,-9.471528,-9.718842,-9.955215,-10.179,-10.38856,-10.58229,-10.75856,-10.91577,-11.05233,-11.16664,-11.25712,-11.3222,-11.36032,-11.36993,-11.34947,-11.29672,-11.20751
1.342202,1.269075,1.175736,1.060928,0.9246041,0.7679689,0.5923483,0.3990522,0.1893708,-0.03538532,-0.2738511,-0.5248079,-0.7869042,-1.058797,-1.339193,-1.626829,-1.920247,-2.21826,-2.519456,-2.834591,-3.140667,-3.445839,-3.748765,-4.048043,-4.342307,-4.630127,-4.910156,-5.180762,-5.440966,-5.689105,-5.924213,-6.162874,-6.413094,-6.672881,-6.940937,-7.215305,-7.494256,-7.775802,-8.05869,-8.340957,-8.620627,-8.896502,-9.166609,-9.429027,-9.682504,-9.925121,-10.15499,-10.37086,-10.57066,-10.75308,-10.91615,-11.05851,-11.17827,-11.27392,-11.3439,-11.38646,-11.40008,-11.38315,-11.33334,-11.24698
1.292726,1.217975,1.123779,1.009019,0.8737241,0.7190499,0.5462773,0.3565989,0.1512382,-0.06851536,-0.3014823,-0.5464277,-0.8020693,-1.067167,-1.340551,-1.620878,-1.906977,-2.197571,-2.491408,-2.79871,-3.097506,-3.395931,-3.692193,-3.985238,-4.273971,-4.556642,-4.8324,-5.099449,-5.356658,-5.602962,-5.837,-6.075718,-6.326895,-6.588264,-6.858289,-7.13515,-7.4173,-7.702537,-7.989281,-8.275768,-8.560265,-8.841213,-9.116404,-9.384331,-9.643256,-9.891437,-10.12715,-10.34867,-10.55429,-10.74228,-10.91096,-11.05862,-11.18357,-11.28414,-11.35865,-11.40543,-11.42283,-11.40923,-11.36225,-11.27855
1.242935,1.166708,1.071814,0.95719,0.8229799,0.6702754,0.5003151,0.3141807,0.1130532,-0.1018638,-0.3294347,-0.5685388,-0.8179168,-1.076447,-1.342981,-1.616297,-1.895243,-2.17867,-2.465337,-2.7647,-3.056669,-3.34826,-3.638245,-3.925419,-4.208519,-4.486342,-4.757606,-5.020875,-5.275326,-5.519484,-5.752554,-5.991407,-6.243073,-6.505539,-6.777382,-7.056621,-7.3414,-7.629613,-7.920026,-8.21055,-8.499093,-8.784397,-9.064418,-9.337138,-9.60122,-9.854451,-10.09549,-10.32237,-10.53313,-10.72639,-10.90007,-11.05261,-11.18238,-11.28744,-11.36624,-11.41693,-11.43791,-11.42744,-11.38317,-11.30218
1.19311,1.115608,1.020129,0.9057219,0.772702,0.6219754,0.4547299,0.272065,0.07506508,-0.1352182,-0.3575353,-0.5909576,-0.8343459,-1.08655,-1.346487,-1.613104,-1.885089,-2.161608,-2.441394,-2.733245,-3.018354,-3.303572,-3.587238,-3.868458,-4.146305,-4.419112,-4.68622,-4.945975,-5.197411,-5.439525,-5.67136,-5.909892,-6.162054,-6.42553,-6.698714,-6.979684,-7.266866,-7.557943,-7.851273,-8.145046,-8.437392,-8.726785,-9.010831,-9.288007,-9.556479,-9.814439,-10.06006,-10.29156,-10.50714,-10.70501,-10.88339,-11.04048,-11.17454,-11.28378,-11.36644,-11.42078,-11.44505,-11.43754,-11.39583,-11.31736
1.143523,1.064947,0.9690388,0.8550135,0.7231319,0.5743575,0.4098457,0.2305573,0.03751652,-0.1681917,-0.3855958,-0.6136633,-0.851235,-1.09737,-1.35103,-1.611099,-1.876604,-2.146545,-2.419721,-2.704049,-2.982809,-3.261643,-3.539447,-3.815155,-4.087651,-4.355825,-4.618624,-4.874662,-5.123301,-5.363159,-5.593812,-5.832055,-6.084269,-6.348255,-6.6226,-6.90518,-7.194089,-7.487271,-7.783316,-8.080047,-8.375439,-8.668048,-8.95582,-9.236633,-9.509143,-9.771008,-10.02085,-10.25662,-10.47629,-10.67839,-10.86079,-11.02197,-11.15985,-11.27279,-11.35905,-11.41668,-11.44401,-11.43923,-11.39995,-11.32398
1.094449,1.014964,0.9188234,0.8052212,0.6745721,0.5277801,0.3658697,0.1898073,0.000561595,-0.2008941,-0.4135702,-0.6364174,-0.8685566,-1.108968,-1.356663,-1.610678,-1.869928,-2.133566,-2.40045,-2.677782,-2.950256,-3.223226,-3.495193,-3.765378,-4.032955,-4.296459,-4.555238,-4.80785,-5.053466,-5.291242,-5.520393,-5.758004,-6.010178,-6.274543,-6.549455,-6.832996,-7.123456,-7.418476,-7.716425,-8.015343,-8.313395,-8.608914,-8.899543,-9.183619,-9.459298,-9.724669,-9.977904,-10.21713,-10.44047,-10.6461,-10.83215,-10.99678,-11.13816,-11.25445,-11.34382,-11.40445,-11.43453,-11.43227,-11.39525,-11.32162
1.046167,0.9660389,0.8697996,0.7567597,0.6273663,0.4825051,0.3231225,0.1501549,-0.03549211,-0.2328988,-0.4411019,-0.6591415,-0.8861705,-1.121214,-1.363298,-1.611571,-1.865007,-2.122759,-2.383811,-2.65418,-2.920934,-3.188128,-3.4548,-3.719939,-3.982593,-4.241774,-4.496487,-4.745758,-4.988399,-5.223782,-5.451523,-5.688468,-5.940162,-6.204422,-6.479734,-6.764001,-7.055277,-7.351386,-7.650912,-7.951697,-8.251796,-8.549106,-8.842166,-9.128599,-9.407008,-9.675276,-9.931238,-10.17347,-10.3997,-10.6084,-10.79736,-10.96504,-11.10928,-11.22838,-11.32054,-11.38379,-11.41635,-11.41636,-11.38146,-11.31014
0.9989249,0.9183812,0.8222277,0.7098685,0.5817676,0.4387903,0.2818408,0.1117981,-0.07047418,-0.2640643,-0.4681173,-0.6817122,-0.9039613,-1.134038,-1.370969,-1.61393,-1.861983,-2.11428,-2.369904,-2.633875,-2.895085,-3.157087,-3.418547,-3.678929,-3.93692,-4.191784,-4.44282,-4.688619,-4.92847,-5.161658,-5.387673,-5.623555,-5.87468,-6.138689,-6.41379,-6.698343,-6.989914,-7.286823,-7.587102,-7.888834,-8.190366,-8.489256,-8.783839,-9.0722,-9.352438,-9.622615,-9.880849,-10.12524,-10.35385,-10.56485,-10.7563,-10.92631,-11.07302,-11.19454,-11.28899,-11.3545,-11.3892,-11.39125,-11.35829,-11.28911
0.9496747,0.8689314,0.7730869,0.661545,0.5348558,0.3938044,0.2392984,0.07212278,-0.1068283,-0.2967308,-0.4967813,-0.7060671,-0.9237738,-1.149076,-1.381112,-1.618983,-1.861951,-2.109028,-2.359451,-2.616715,-2.872962,-3.129916,-3.386691,-3.642418,-3.896219,-4.147187,-4.394439,-4.637084,-4.874205,-5.104758,-5.329145,-5.563982,-5.814057,-6.077439,-6.351938,-6.636075,-6.927671,-7.224749,-7.525192,-7.827509,-8.129541,-8.429061,-8.724698,-9.014261,-9.295557,-9.567168,-9.826734,-10.07275,-10.3029,-10.51567,-10.7088,-10.8807,-11.02919,-11.15263,-11.24891,-11.31626,-11.35282,-11.35664,-11.32546,-11.25829
0.8929778,0.8122509,0.7168847,0.6063543,0.4812703,0.3423522,0.1904022,0.026284,-0.1492279,-0.3353375,-0.5312636,-0.7360535,-0.9491099,-1.169538,-1.396485,-1.629225,-1.866908,-2.108607,-2.353755,-2.604278,-2.855258,-3.107275,-3.35907,-3.610215,-3.859461,-4.106169,-4.3497,-4.588783,-4.822974,-5.051,-5.273282,-5.50669,-5.755317,-6.017397,-6.290968,-6.574359,-6.865148,-7.161602,-7.461772,-7.764001,-8.065836,-8.365596,-8.66134,-8.951159,-9.233127,-9.505287,-9.765771,-10.01281,-10.24406,-10.45786,-10.65229,-10.82531,-10.97529,-11.10016,-11.19802,-11.26701,-11.30517,-11.31065,-11.28115,-11.21612
0.8288024,0.7482942,0.6535937,0.5443161,0.4209546,0.284265,0.1350855,-0.02584601,-0.1977506,-0.3798866,-0.5715483,-0.7718163,-0.9800054,-1.195412,-1.417146,-1.644536,-1.876816,-2.113082,-2.352644,-2.59634,-2.841856,-3.088506,-3.335288,-3.581398,-3.826046,-4.068416,-4.307709,-4.543102,-4.773788,-4.998945,-5.218697,-5.450035,-5.696884,-5.957295,-6.229387,-6.5109,-6.800385,-7.09568,-7.394866,-7.695709,-7.99684,-8.296005,-8.59108,-8.880591,-9.162182,-9.434325,-9.694928,-9.941813,-10.17354,-10.38771,-10.58284,-10.75666,-10.90758,-11.03341,-11.13238,-11.20266,-11.24219,-11.24917,-11.22135,-11.15837
0.7576637,0.6774998,0.5836921,0.4757573,0.3543372,0.220123,0.07382981,-0.08374471,-0.2519393,-0.4299889,-0.6171895,-0.8127617,-1.016043,-1.226255,-1.442675,-1.664553,-1.891218,-2.121846,-2.355768,-2.592382,-2.83265,-3.073739,-3.31509,-3.556145,-3.795727,-4.033492,-4.268264,-4.499454,-4.726518,-4.948252,-5.165316,-5.39431,-5.638693,-5.8967,-6.166636,-6.446113,-6.733424,-7.026651,-7.324099,-7.623349,-7.922711,-8.220301,-8.514137,-8.802393,-9.083286,-9.354464,-9.614232,-9.8607,-10.09196,-10.30606,-10.5011,-10.67521,-10.82642,-10.95286,-11.05262,-11.12372,-11.16445,-11.17273,-11.14646,-11.08554
0.6800687,0.6004651,0.5076712,0.4012989,0.2819377,0.1503221,0.00707516,-0.1470475,-0.3113675,-0.4851993,-0.6678349,-0.8586245,-1.056804,-1.261715,-1.47267,-1.688951,-1.909864,-2.134757,-2.362824,-2.592503,-2.826942,-3.062481,-3.298397,-3.533772,-3.768278,-4.000978,-4.23116,-4.458073,-4.681007,-4.899172,-5.113175,-5.339035,-5.580665,-5.835961,-6.102975,-6.379826,-6.664334,-6.955053,-7.249842,-7.546793,-7.84371,-8.139232,-8.431168,-8.717345,-8.996374,-9.265866,-9.52437,-9.769743,-9.999895,-10.2133,-10.40771,-10.58153,-10.73259,-10.85911,-10.95932,-11.03105,-11.07265,-11.08205,-11.05734,-10.99847
0.5965613,0.51766,0.4260452,0.3214009,0.2042578,0.07534396,-0.06471297,-0.2152534,-0.375576,-0.5451078,-0.7230601,-0.9089079,-1.101924,-1.30142,-1.506808,-1.717363,-1.932425,-2.15139,-2.373525,-2.59599,-2.824634,-3.054252,-3.284548,-3.514447,-3.743451,-3.971066,-4.1962,-4.418571,-4.637066,-4.851182,-5.061777,-5.284511,-5.522762,-5.774848,-6.038427,-6.311813,-6.593389,-6.880767,-7.172242,-7.465987,-7.760036,-8.052803,-8.341851,-8.6256,-8.902063,-9.169446,-9.425831,-9.669279,-9.897933,-10.10988,-10.30325,-10.47619,-10.62675,-10.75308,-10.85324,-10.9254,-10.96756,-10.97799,-10.95467,-10.89786
0.5076352,0.4295743,0.3393195,0.2365135,0.1217528,-0.00432612,-0.1410781,-0.2878991,-0.4441415,-0.6092238,-0.7824892,-0.9632484,-1.150991,-1.344992,-1.544686,-1.749409,-1.95853,-2.171423,-2.387482,-2.602919,-2.825428,-3.049162,-3.273468,-3.497704,-3.721204,-3.943312,-4.163208,-4.380563,-4.594549,-4.804507,-5.011218,-5.230422,-5.465075,-5.713062,-5.97295,-6.242621,-6.52021,-6.803642,-7.091466,-7.381583,-7.672154,-7.961026,-8.246811,-8.527465,-8.800788,-9.065387,-9.319003,-9.560136,-9.786512,-9.996684,-10.18836,-10.36005,-10.50958,-10.63532,-10.73514,-10.80736,-10.84999,-10.86127,-10.83925,-10.78452
0.413821,0.3367609,0.247976,0.1471544,0.03488145,-0.08818674,-0.2215577,-0.3645604,-0.5166563,-0.6771601,-0.8455839,-1.021262,-1.203582,-1.392014,-1.585895,-1.784666,-1.987753,-2.194556,-2.404389,-2.612774,-2.829025,-3.046545,-3.2649,-3.483111,-3.700922,-3.917352,-4.132118,-4.344262,-4.553318,-4.758844,-4.961375,-5.176536,-5.407178,-5.651066,-5.90653,-6.171988,-6.445099,-6.724255,-7.007612,-7.293536,-7.579797,-7.864665,-8.146406,-8.423074,-8.692864,-8.954126,-9.204608,-9.442683,-9.66647,-9.874134,-10.06386,-10.23372,-10.3819,-10.50655,-10.6058,-10.67774,-10.7207,-10.73268,-10.71198,-10.65926
0.3156324,0.2397226,0.1525293,0.05385615,-0.05584478,-0.1758548,-0.3057055,-0.4448117,-0.5925991,-0.7485443,-0.9119838,-1.082437,-1.259322,-1.442089,-1.630136,-1.822892,-2.0198,-2.220338,-2.423923,-2.625078,-2.835131,-3.046489,-3.258571,-3.470793,-3.682568,-3.893304,-4.10241,-4.309299,-4.513368,-4.713857,-4.912106,-5.12307,-5.349173,-5.588556,-5.839438,-6.09971,-6.368081,-6.642507,-6.921096,-7.20187,-7.483427,-7.763786,-8.040812,-8.31319,-8.578903,-8.835866,-9.08278,-9.317267,-9.53793,-9.742795,-9.929947,-10.09771,-10.24412,-10.36736,-10.46582,-10.53742,-10.58038,-10.59293,-10.5735,-10.52282
0.2135976,0.1389087,0.05348109,-0.04296893,-0.1499044,-0.266767,-0.393044,-0.5281523,-0.671593,-0.8228295,-0.9812766,-1.146481,-1.317843,-1.494842,-1.676957,-1.863651,-2.054349,-2.248581,-2.445739,-2.639874,-2.843447,-3.048523,-3.254214,-3.460308,-3.6659,-3.870611,-4.074058,-4.275323,-4.474199,-4.669774,-4.863319,-5.069808,-5.291016,-5.525319,-5.771156,-6.026354,-6.289284,-6.558432,-6.831569,-7.107124,-7.383302,-7.658577,-7.930673,-8.198033,-8.458942,-8.711542,-8.954026,-9.184715,-9.401686,-9.603194,-9.787453,-9.952659,-10.09703,-10.21871,-10.316,-10.38695,-10.42987,-10.44289,-10.42461,-10.37607
0.1082153,0.03490975,-0.0486828,-0.1427959,-0.2468972,-0.3605165,-0.483121,-0.6141542,-0.7531717,-0.8996339,-1.053058,-1.212908,-1.378698,-1.549893,-1.726019,-1.906579,-2.090988,-2.278832,-2.469564,-2.656499,-2.853674,-3.052202,-3.251565,-3.451236,-3.650692,-3.849415,-4.046859,-4.242512,-4.43583,-4.626283,-4.815093,-5.016637,-5.232654,-5.461722,-5.701974,-5.951641,-6.208968,-6.471996,-6.739449,-7.009309,-7.279871,-7.549132,-7.815804,-8.077935,-8.333521,-8.581293,-8.819182,-9.045324,-9.258339,-9.456091,-9.637167,-9.79946,-9.941443,-10.06116,-10.15705,-10.22722,-10.26987,-10.28329,-10.26622,-10.21972
3.577583e-05,-0.07179609,-0.1534528,-0.245119,-0.346325,-0.4566017,-0.5754389,-0.7023741,-0.8369042,-0.9785625,-1.126871,-1.281344,-1.441486,-1.606845,-1.77694,-1.951265,-2.129426,-2.31083,-2.495026,-2.674985,-2.865679,-3.057584,-3.25036,-3.443677,-3.636722,-3.829308,-4.020628,-4.210511,-4.398109,-4.58326,-4.766934,-4.963288,-5.174196,-5.397576,-5.631867,-5.875672,-6.126803,-6.383777,-6.64485,-6.908648,-7.172927,-7.436213,-7.696792,-7.953008,-8.203321,-8.445575,-8.67831,-8.899718,-9.10823,-9.302012,-9.479387,-9.638529,-9.777847,-9.895435,-9.989774,-10.0589,-10.10122,-10.1149,-10.09895,-10.05456
-0.0729204,-0.143804,-0.2240704,-0.3140812,-0.4133422,-0.5213538,-0.6376526,-0.7618269,-0.8933477,-1.031801,-1.17668,-1.327536,-1.483936,-1.645401,-1.811594,-1.981814,-2.155696,-2.332809,-2.512684,-2.694847,-2.878844,-3.064215,-3.250489,-3.437206,-3.623898,-3.810093,-3.99518,-4.17898,-4.360885,-4.540413,-4.718927,-4.910051,-5.115227,-5.332786,-5.561089,-5.798267,-6.043032,-6.293574,-6.548212,-6.805034,-7.062895,-7.319794,-7.574152,-7.824047,-8.068256,-8.304879,-8.532073,-8.748448,-8.952099,-9.141587,-9.314912,-9.470713,-9.607019,-9.722326,-9.814774,-9.882829,-9.924598,-9.93854,-9.923728,-9.881392
-0.1846962,-0.2538892,-0.3321036,-0.4195091,-0.5157805,-0.6202832,-0.7328098,-0.8527689,-0.9797167,-1.113338,-1.252987,-1.398485,-1.549261,-1.704766,-1.864794,-2.028709,-2.196267,-2.366812,-2.540172,-2.715629,-2.893036,-3.071664,-3.251373,-3.431426,-3.611682,-3.791409,-3.970453,-4.148077,-4.324155,-4.497917,-4.670978,-4.856638,-5.055859,-5.267371,-5.489173,-5.719879,-5.95781,-6.201589,-6.449224,-6.69921,-6.95026,-7.200239,-7.447785,-7.691277,-7.929028,-8.159466,-8.381097,-8.591959,-8.790533,-8.975293,-9.144503,-9.296503,-9.429697,-9.5424,-9.632925,-9.699629,-9.740871,-9.754967,-9.741254,-9.700997
