leaflet-velocity/demo/wind-gbr.json
{"header": { "discipline": 0, "disciplineName": "Meteorological products", "gribEdition": 2, "gribLength": 133963, "center": 7, "centerName": "US National Weather Service - NCEP(WMC)", "subcenter": 0, "refTime": "2014-11-30T06:00:00.000Z", "significanceOfRT": 1, "significanceOfRTName": "Start of forecast", "productStatus": 0, "productStatusName": "Operational products", "productType": 1, "productTypeName": "Forecast products", "productDefinitionTemplate": 0, "productDefinitionTemplateName": "Analysis/forecast at horizontal level/layer at a point in time", "parameterCategory": 2, "parameterCategoryName": "Momentum", "parameterNumber": 2, "parameterNumberName": "U-component_of_wind", "parameterUnit": "m.s-1", "genProcessType": 2, "genProcessTypeName": "Forecast", "forecastTime": 6, "surface1Type": 100, "surface1TypeName": "Isobaric surface", "surface1Value": 85000, "surface2Type": 255, "surface2TypeName": "Missing", "surface2Value": 0, "gridDefinitionTemplate": 0, "gridDefinitionTemplateName": "Latitude_Longitude", "numberPoints": 14400, "shape": 6, "shapeName": "Earth spherical with radius of 6,371,229.0 m", "gridUnits": "degrees", "resolution": 48, "winds": "true", "scanMode": 0, "nx": 120, "ny": 120, "basicAngle": 0, "subDivisions": 0, "lo1": -0.08300781, "la1": 42.6, "lo2": 4.113086, "la2": 40, "dx": 0.0349674484, "dy": 0.02166667 }, "data":
[rows 54 to 80 of 120, columns 0 to 60 of 120]
3.840908,3.725689,3.619802,3.522075,3.434024,3.356832,3.29216,3.241328,3.205173,3.181624,3.169513,3.167925,3.175755,3.192109,3.215915,3.24618,3.281881,3.322047,3.36553,3.411406,3.458508,3.505851,3.552398,3.597079,3.638717,3.676393,3.708945,3.735293,3.75441,3.765111,3.766369,3.757054,3.736106,3.702375,3.654777,3.592203,3.515183,3.425829,3.324732,3.212688,3.090447,2.912641,2.769599,2.618891,2.461239,2.297436,2.128181,1.954333,1.776614,1.595774,1.412584,1.227855,1.042328,0.856849,0.6721168,0.4889151,0.3081142,0.1304215,-0.04329569,-0.2123343,-0.3758456
3.751601,3.625591,3.509939,3.403166,3.306949,3.222808,3.152267,3.096851,3.057465,3.031634,3.018172,3.015957,3.024054,3.041321,3.066807,3.099262,3.137821,3.181293,3.228655,3.278713,3.330414,3.382744,3.434485,3.484528,3.531837,3.575193,3.613573,3.645744,3.670638,3.687077,3.693954,3.690042,3.674268,3.645448,3.602443,3.544095,3.471006,3.385574,3.288433,3.180377,3.062133,2.889519,2.750445,2.603705,2.450043,2.290265,2.125095,1.955282,1.78166,1.604954,1.425974,1.245458,1.064245,0.8830243,0.702669,0.5239308,0.3475816,0.1744283,0.005246402,-0.1590838,-0.3178885
3.662913,3.52656,3.401347,3.285918,3.181835,3.090939,3.01475,2.954946,2.91239,2.88434,2.869507,2.866732,2.874997,2.893208,2.920152,2.954834,2.996051,3.042725,3.09372,3.14782,3.204025,3.260998,3.317785,3.373106,3.425765,3.474658,3.518617,3.556406,3.586871,3.60885,3.621104,3.622492,3.611776,3.587757,3.549242,3.494978,3.425916,3.344342,3.251081,3.146981,3.032625,2.865251,2.730158,2.587372,2.437734,2.281965,2.120895,1.955202,1.785688,1.613162,1.438384,1.262151,1.085195,0.9083181,0.7323727,0.5580941,0.3862428,0.2176653,0.05310849,-0.1065685,-0.2605989
3.575229,3.428872,3.294614,3.170843,3.059465,2.962003,2.880378,2.816268,2.770691,2.7405,2.72436,2.721029,2.729436,2.74845,2.77685,2.813555,2.857316,2.90704,2.961487,3.019508,3.079843,3.141402,3.202945,3.263187,3.321014,3.375165,3.424437,3.467643,3.50349,3.530775,3.548261,3.554701,3.548848,3.529488,3.495343,3.445211,3.379949,3.302257,3.212891,3.11253,3.002082,2.839996,2.708804,2.569992,2.424344,2.272624,2.115607,1.953944,1.788593,1.620254,1.449725,1.277718,1.105105,0.9326481,0.7610788,0.5912713,0.4239518,0.2599346,0.09999167,-0.05498283,-0.2042763
3.489026,3.333398,3.190448,3.058812,2.940304,2.836766,2.749907,2.681789,2.633276,2.601079,2.583593,2.579747,2.588317,2.608011,2.637778,2.676345,2.722488,2.775045,2.832788,2.894337,2.958693,3.024468,3.090411,3.155428,3.218143,3.277225,3.331639,3.379877,3.420859,3.45318,3.475656,3.486963,3.485823,3.470941,3.441039,3.39485,3.333307,3.259352,3.173804,3.077268,2.970616,2.813694,2.686406,2.551539,2.409862,2.262114,2.109118,1.951626,1.790397,1.626224,1.459888,1.292173,1.123849,0.955746,0.7886246,0.6232469,0.4604416,0.3009854,0.1456996,-0.004603936,-0.1491928
3.404799,3.240433,3.089292,2.950382,2.825175,2.715779,2.624249,2.552203,2.500923,2.466744,2.448078,2.443654,2.452248,2.472682,2.503641,2.543973,2.592315,2.647398,2.708147,2.773108,2.841146,2.910884,2.981058,3.050413,3.117673,3.181472,3.240555,3.293634,3.339413,3.376526,3.403693,3.419577,3.422908,3.412318,3.386514,3.344118,3.286205,3.215911,3.134015,3.041256,2.938404,2.786462,2.66303,2.532073,2.394306,2.250531,2.10153,1.948101,1.790967,1.630952,1.468821,1.305343,1.14135,0.9775354,0.8148133,0.6538618,0.4955739,0.3406637,0.1899756,0.04428443,-0.09561574
3.323136,3.15038,2.991889,2.846002,2.714711,2.600061,2.503886,2.428327,2.374393,2.33845,2.318599,2.313638,2.322292,2.34328,2.375361,2.417179,2.467524,2.52514,2.588527,2.65668,2.728005,2.801368,2.875401,2.948805,3.020177,3.08831,3.151768,3.2093,3.259513,3.301083,3.33264,3.352862,3.36038,3.353856,3.331904,3.293169,3.238803,3.172027,3.093673,3.004582,2.90534,2.758397,2.638737,2.511581,2.377671,2.237819,2.092785,1.943375,1.790295,1.634396,1.476401,1.317138,1.157392,0.997903,0.8395091,0.6829815,0.529126,0.3787152,0.232548,0.09140901,-0.04385113
3.244145,3.064054,2.898814,2.746614,2.609704,2.490151,2.389794,2.310879,2.254653,2.21697,2.196059,2.190554,2.19921,2.220697,2.253692,2.296935,2.349036,2.408708,2.474652,2.545486,2.619857,2.696528,2.774006,2.851041,2.926225,2.998265,3.065736,3.127299,3.181595,3.227242,3.262866,3.287079,3.298515,3.295779,3.277482,3.242253,3.191199,3.127847,3.052901,2.96726,2.871623,2.729516,2.613541,2.49009,2.359998,2.223984,2.082864,1.937382,1.788296,1.636455,1.482571,1.327467,1.1719,1.016683,0.8625746,0.7103937,0.5608986,0.4149024,0.2732212,0.1365893,0.005866709
3.168421,2.981831,2.81042,2.652733,2.510786,2.38669,2.282692,2.200829,2.142382,2.103185,2.081225,2.075248,2.083834,2.105725,2.139542,2.183896,2.237568,2.299097,2.367187,2.440391,2.517513,2.596965,2.677542,2.757771,2.836382,2.911868,2.982937,3.048124,3.106073,3.155406,3.194703,3.222577,3.237584,3.238361,3.223461,3.191521,3.143605,3.083457,3.011889,2.929576,2.837322,2.699935,2.587494,2.467703,2.341288,2.209045,2.071706,1.930071,1.784957,1.637059,1.487212,1.336167,1.184735,1.033757,0.883844,0.7359157,0.5907161,0.4490665,0.3117661,0.1795317,0.05323575
3.096417,2.904146,2.72736,2.56488,2.418522,2.290633,2.183389,2.098816,2.038419,1.997818,1.975004,1.968513,1.977033,1.999203,2.033661,2.078994,2.133946,2.19697,2.266866,2.342146,2.42145,2.503414,2.586593,2.66964,2.751094,2.829602,2.903766,2.972134,3.033384,3.085955,3.128496,3.159606,3.177861,3.181817,3.170065,3.141156,3.096213,3.039104,2.970634,2.891565,2.802621,2.669608,2.560653,2.444368,2.321551,2.192923,2.059316,1.921498,1.780182,1.636179,1.490279,1.34326,1.19586,1.048845,0.9031229,0.7593531,0.6183735,0.4809366,0.3479008,0.219978,0.09798673
3.028761,2.831551,2.650227,2.483577,2.333645,2.202552,2.092505,2.005691,1.94355,1.901854,1.878191,1.87123,1.879611,1.901953,1.936861,1.983008,2.038874,2.103236,2.174512,2.2515,2.332625,2.416524,2.501875,2.587155,2.671081,2.752128,2.828831,2.899899,2.963793,3.019184,3.064554,3.098512,3.119612,3.126406,3.117471,3.091334,3.049197,2.99492,2.929344,2.853314,2.767436,2.638755,2.533077,2.420177,2.300795,2.175723,2.045687,1.91151,1.773919,1.633701,1.491641,1.348472,1.205024,1.062033,0.920278,0.780578,0.6436603,0.5103617,0.3814261,0.2576339,0.1398293
2.965423,2.76435,2.579711,2.409746,2.256927,2.123173,2.010833,1.922179,1.858727,1.815994,1.791638,1.784256,1.792479,1.81488,1.850096,1.896726,1.953319,2.018528,2.090908,2.169081,2.251566,2.337044,2.423998,2.511048,2.596801,2.679788,2.758589,2.831762,2.897875,2.955508,3.00323,3.039574,3.06309,3.072356,3.065915,3.042315,3.002649,2.951014,2.888175,2.814879,2.73196,2.607351,2.504812,2.395134,2.279052,2.157358,2.0308,1.90013,1.766139,1.629595,1.491225,1.351824,1.212163,1.073027,0.9351637,0.7993603,0.666409,0.5370575,0.4121211,0.2923279,0.178516
2.907065,2.70332,2.516052,2.34384,2.188776,2.053191,1.939257,1.849114,1.7846,1.741131,1.716196,1.708408,1.716418,1.738761,1.774097,1.820938,1.87797,1.943653,2.016659,2.095629,2.178991,2.265454,2.353476,2.441798,2.528768,2.613185,2.693438,2.768192,2.836008,2.895356,2.944888,2.983102,3.008611,3.019927,3.015617,2.994222,2.956799,2.907543,2.847184,2.776517,2.696273,2.575434,2.475851,2.369225,2.256296,2.137823,2.014559,1.887291,1.756759,1.623711,1.488908,1.353138,1.217154,1.081735,0.9476216,0.8155715,0.6864158,0.5608681,0.439743,0.3237872,0.2137797
2.854011,2.648462,2.45972,2.28593,2.129472,1.992695,1.87757,1.786463,1.721094,1.677002,1.65153,1.643309,1.650954,1.673057,1.708146,1.754889,1.811859,1.877641,1.950773,2.029913,2.113576,2.200387,2.288917,2.377703,2.465366,2.550452,2.631541,2.707211,2.776004,2.836528,2.887344,2.926928,2.953953,2.966895,2.964329,2.944849,2.909462,2.862297,2.804263,2.73605,2.658426,2.541039,2.444325,2.340683,2.230841,2.115576,1.995615,1.871692,1.744619,1.615088,1.483882,1.351755,1.219489,1.087792,0.9574507,0.8292378,0.7038882,0.5821822,0.4648743,0.3527811,0.2465879
2.799513,2.593206,2.403599,2.229105,2.071981,1.934286,1.81851,1.726736,1.66074,1.616081,1.590054,1.581332,1.588446,1.610079,1.644738,1.691056,1.747662,1.813061,1.885971,1.964813,2.048346,2.135023,2.223541,2.312361,2.40018,2.485477,2.566979,2.643087,2.712519,2.77381,2.825472,2.866178,2.894392,2.908786,2.907844,2.890186,2.856745,2.81176,2.756018,2.690303,2.615285,2.501671,2.407944,2.307404,2.200815,2.088873,1.972391,1.852016,1.728558,1.602763,1.475378,1.347125,1.218754,1.091014,0.9647166,0.8405396,0.7192535,0.601632,0.4884008,0.3803688,0.2782658
2.741322,2.535075,2.345434,2.171068,2.013829,1.876108,1.760206,1.66808,1.601683,1.556648,1.530261,1.52105,1.527666,1.548714,1.582798,1.62853,1.684453,1.749248,1.821516,1.899807,1.982773,2.06898,2.157025,2.245516,2.333069,2.418233,2.499651,2.575942,2.645613,2.70726,2.75952,2.801,2.83025,2.845848,2.846425,2.830479,2.799014,2.756168,2.702795,2.639603,2.567251,2.457543,2.366902,2.269587,2.166354,2.057915,1.94505,1.828426,1.70881,1.586926,1.463544,1.339369,1.215151,1.091663,0.9695683,0.8496744,0.7326923,0.61938,0.5104582,0.4067401,0.3089191
2.679329,2.474205,2.285543,2.111908,1.955398,1.818128,1.702482,1.610522,1.544056,1.498842,1.472126,1.462506,1.468597,1.489009,1.522352,1.567297,1.622414,1.686296,1.757678,1.835042,1.917118,2.002403,2.089687,2.177394,2.264306,2.348893,2.429924,2.505927,2.575439,2.637231,2.689788,2.731782,2.761829,2.778498,2.780414,2.76616,2.736639,2.695915,2.644897,2.584216,2.514732,2.408972,2.321495,2.227532,2.127805,2.023016,1.91391,1.801172,1.685585,1.567829,1.448656,1.328773,1.208891,1.089797,0.9721769,0.8567724,0.7443036,0.6355264,0.5311544,0.4319547,0.3386312
2.613975,2.41084,2.223815,2.051754,1.896542,1.760393,1.645596,1.554082,1.487793,1.442646,1.415775,1.405757,1.411292,1.430985,1.463505,1.507486,1.561516,1.62431,1.694466,1.770586,1.851396,1.935537,2.021579,2.108207,2.194117,2.27784,2.358031,2.433381,2.502487,2.564029,2.616624,2.658898,2.689488,2.707088,2.710209,2.697582,2.669931,2.631399,2.5827,2.524669,2.457946,2.356294,2.272105,2.181587,2.085484,1.984469,1.87928,1.770608,1.659187,1.545713,1.430909,1.315487,1.200176,1.085671,0.9727005,0.8619832,0.7542495,0.6502095,0.5505747,0.4560904,0.3674542
2.545687,2.345157,2.160674,1.990785,1.837458,1.703014,1.589442,1.498835,1.433027,1.388055,1.361121,1.350805,1.35577,1.374702,1.40624,1.44909,1.501885,1.563309,1.631998,1.706687,1.785933,1.868541,1.95304,2.038242,2.122683,2.205157,2.284213,2.358625,2.426965,2.48801,2.540365,2.582684,2.613664,2.631938,2.636193,2.62509,2.599321,2.562914,2.516626,2.461207,2.397326,2.299878,2.219038,2.132076,2.039685,1.942568,1.841434,1.736955,1.629843,1.520818,1.410563,1.299796,1.189175,1.079468,0.9713389,0.8655022,0.762655,0.6635261,0.5688137,0.479209,0.3954675
2.474504,2.27742,2.096043,1.929129,1.778371,1.646058,1.534244,1.444812,1.379682,1.335149,1.30826,1.297658,1.302078,1.320174,1.350681,1.392242,1.443604,1.503425,1.570437,1.643304,1.720771,1.801494,1.884184,1.967572,2.050342,2.131178,2.208834,2.281941,2.349277,2.409492,2.461332,2.503457,2.534634,2.553465,2.558738,2.549096,2.525185,2.490825,2.446985,2.394223,2.333273,2.240032,2.162611,2.0793,1.990728,1.89762,1.800642,1.700487,1.597856,1.493404,1.387849,1.28186,1.176141,1.071345,0.9682299,0.8674214,0.7696667,0.6756062,0.5859759,0.5014442,0.4227328
2.400566,2.207808,2.030373,1.866869,1.719294,1.589579,1.479859,1.392031,1.327882,1.2839,1.257158,1.246364,1.250213,1.267444,1.296776,1.336968,1.386682,1.444756,1.509802,1.580666,1.655978,1.734617,1.81514,1.896471,1.977174,2.056145,2.132026,2.203623,2.269653,2.328799,2.379916,2.42169,2.452781,2.472063,2.478173,2.469955,2.447825,2.415608,2.374166,2.324058,2.26602,2.177108,2.103214,2.023578,1.938936,1.849934,1.75724,1.661542,1.56346,1.463727,1.362988,1.261924,1.161247,1.061545,0.9635453,0.8679497,0.7753828,0.686583,0.6021791,0.5228524,0.4493127
2.324496,2.136531,1.963515,1.804193,1.66023,1.533674,1.426535,1.340537,1.277605,1.23437,1.207922,1.196945,1.200234,1.216535,1.244639,1.283317,1.33129,1.387356,1.450309,1.518878,1.591862,1.668066,1.746225,1.825128,1.903575,1.980361,2.054218,2.123981,2.188381,2.246269,2.296413,2.337558,2.368499,2.388044,2.39494,2.388017,2.36768,2.337579,2.298483,2.251083,2.195995,2.111484,2.04113,1.96528,1.884619,1.799802,1.711491,1.620269,1.526905,1.431996,1.336218,1.240203,1.144663,1.050187,0.9574711,0.8671858,0.7799912,0.6965277,0.6174957,0.5435225,0.4752818
2.246174,2.063879,1.895995,1.741249,1.601487,1.478432,1.374174,1.290412,1.228912,1.186568,1.160488,1.14942,1.152153,1.167522,1.194297,1.231355,1.277403,1.331351,1.391947,1.458057,1.528452,1.602016,1.677471,1.753799,1.829642,1.904003,1.975616,2.04325,2.105874,2.162201,2.211147,2.251512,2.282106,2.301774,2.309377,2.303667,2.285098,2.257062,2.220354,2.175699,2.1236,2.043479,1.976696,1.904689,1.828085,1.747526,1.663657,1.577088,1.488488,1.398514,1.307772,1.216932,1.126625,1.037478,0.9501771,0.8653258,0.7835861,0.7056122,0.6320415,0.5635119,0.5007014
2.166234,1.989991,1.827807,1.678179,1.542958,1.42404,1.322988,1.241664,1.181805,1.140555,1.114926,1.103795,1.106008,1.120404,1.145834,1.181115,1.225176,1.276827,1.334923,1.398349,1.465965,1.536629,1.609248,1.682623,1.755711,1.82734,1.896398,1.961751,2.022326,2.076931,2.124532,2.163903,2.193981,2.213671,2.221828,2.217312,2.200432,2.174473,2.140177,2.098146,2.049063,1.973412,1.910277,1.842142,1.769659,1.69341,1.614053,1.532191,1.448467,1.363483,1.277895,1.192304,1.10734,1.023629,0.9418145,0.8625047,0.7863341,0.7139326,0.6459287,0.5829498,0.5256427
2.084788,1.915205,1.759102,1.615118,1.484995,1.37038,1.272884,1.194371,1.136374,1.096315,1.071255,1.06013,1.061809,1.075211,1.09919,1.132701,1.174587,1.223824,1.279255,1.339844,1.404446,1.472085,1.541531,1.61188,1.681901,1.75065,1.816992,1.879795,1.938128,1.990834,2.036807,2.075094,2.104536,2.124077,2.132721,2.12929,2.114092,2.090156,2.058219,2.018892,1.97287,1.901669,1.842198,1.777988,1.709639,1.637774,1.562993,1.485883,1.407083,1.327193,1.246799,1.166539,1.087016,1.008808,0.9325637,0.8588757,0.7883413,0.7215942,0.6592441,0.6018909,0.5501568
2.002024,1.839809,1.690238,1.552253,1.427624,1.317652,1.224113,1.148567,1.092649,1.053877,1.029488,1.018421,1.019613,1.031989,1.054508,1.086131,1.125797,1.172461,1.225108,1.282667,1.344159,1.408508,1.474706,1.541727,1.60854,1.674158,1.737531,1.797644,1.85349,1.904122,1.948406,1.985372,2.014036,2.033385,2.042374,2.039987,2.026441,2.004505,1.974901,1.938315,1.895259,1.846338,1.792117,1.733265,1.67033,1.603843,1.534497,1.462838,1.389405,1.314901,1.239821,1.164747,1.090354,1.017188,0.9457763,0.8768307,0.8108794,0.7484667,0.6902896,0.6368904,0.5888192
1.918448,1.76381,1.621323,1.489741,1.37083,1.265948,1.176631,1.104346,1.050576,1.013292,0.9896702,0.9787142,0.9794129,0.9907817,1.011787,1.04146,1.078778,1.122788,1.172516,1.226922,1.285122,1.346076,1.40878,1.472374,1.535756,1.598079,1.658356,1.71556,1.768831,1.817159,1.85958,1.895136,1.922907,1.941913,1.951182,1.949827,1.937832,1.917855,1.89065,1.856696,1.816617,1.771049,1.720435,1.665437,1.606614,1.544521,1.479739,1.412896,1.344446,1.275039,1.205217,1.135563,1.066644,0.9991035,0.9333884,0.8701302,0.8099061,0.7532865,0.7008477,0.6531656,0.6108494
